amplitude: 22237.143 ± 83.867  
hoeksnelheid: 0.024 ± 0.000  
beginfase: 6.990 ± 0.006  
verschuiving: 18291.029 ± 62.407  
periode: 22503684.491099723 ± 3540.468508794282
massafunctie: 5.902232099574326e+29 ± 6.678723143238993e+27