amplitude: 16109.761 ± 253.924  
hoeksnelheid: 0.007 ± 0.000  
beginfase: 2.473 ± 0.028  
verschuiving: -30226.373 ± 178.577  
periode: 75041474.5668802 ± 152198.27586801792
massafunctie: 7.483320428784032e+29 ± 3.541838458419784e+28